    1.000000       1           1
    1.000000       2           2
    1.000000       3           3
    1.000000       4           4
    1.000000       5           5
    1.000000       6           6
    1.000000       7           7
    1.000000       8           8
   -1.000000       9           9
   -1.000000      10          10
   -1.000000      11          11
   -1.000000      12          12
   -1.000000      13          13
   -1.000000      14          14
   -1.000000      15          15
   -1.000000      16          16
   -0.847600      17          17
    0.423800      17          18
    0.423800      17          19
   -0.847600      18          20
    0.423800      18          21
    0.423800      18          22
   -0.847600      19          23
    0.423800      19          24
    0.423800      19          25
   -0.847600      20          26
    0.423800      20          27
    0.423800      20          28
   -0.847600      21          29
    0.423800      21          30
    0.423800      21          31
   -0.847600      22          32
    0.423800      22          33
    0.423800      22          34
   -0.847600      23          35
    0.423800      23          36
    0.423800      23          37
   -0.847600      24          38
    0.423800      24          39
    0.423800      24          40
   -0.847600      25          41
    0.423800      25          42
    0.423800      25          43
   -0.847600      26          44
    0.423800      26          45
    0.423800      26          46
   -0.847600      27          47
    0.423800      27          48
    0.423800      27          49
   -0.847600      28          50
    0.423800      28          51
    0.423800      28          52
   -0.847600      29          53
    0.423800      29          54
    0.423800      29          55
   -0.847600      30          56
    0.423800      30          57
    0.423800      30          58
   -0.847600      31          59
    0.423800      31          60
    0.423800      31          61
   -0.847600      32          62
    0.423800      32          63
    0.423800      32          64
   -0.847600      33          65
    0.423800      33          66
    0.423800      33          67
   -0.847600      34          68
    0.423800      34          69
    0.423800      34          70
   -0.847600      35          71
    0.423800      35          72
    0.423800      35          73
   -0.847600      36          74
    0.423800      36          75
    0.423800      36          76
   -0.847600      37          77
    0.423800      37          78
    0.423800      37          79
   -0.847600      38          80
    0.423800      38          81
    0.423800      38          82
   -0.847600      39          83
    0.423800      39          84
    0.423800      39          85
   -0.847600      40          86
    0.423800      40          87
    0.423800      40          88
   -0.847600      41          89
    0.423800      41          90
    0.423800      41          91
   -0.847600      42          92
    0.423800      42          93
    0.423800      42          94
   -0.847600      43          95
    0.423800      43          96
    0.423800      43          97
   -0.847600      44          98
    0.423800      44          99
    0.423800      44         100
   -0.847600      45         101
    0.423800      45         102
    0.423800      45         103
   -0.847600      46         104
    0.423800      46         105
    0.423800      46         106
   -0.847600      47         107
    0.423800      47         108
    0.423800      47         109
   -0.847600      48         110
    0.423800      48         111
    0.423800      48         112
   -0.847600      49         113
    0.423800      49         114
    0.423800      49         115
   -0.847600      50         116
    0.423800      50         117
    0.423800      50         118
   -0.847600      51         119
    0.423800      51         120
    0.423800      51         121
   -0.847600      52         122
    0.423800      52         123
    0.423800      52         124
   -0.847600      53         125
    0.423800      53         126
    0.423800      53         127
   -0.847600      54         128
    0.423800      54         129
    0.423800      54         130
   -0.847600      55         131
    0.423800      55         132
    0.423800      55         133
   -0.847600      56         134
    0.423800      56         135
    0.423800      56         136
   -0.847600      57         137
    0.423800      57         138
    0.423800      57         139
   -0.847600      58         140
    0.423800      58         141
    0.423800      58         142
   -0.847600      59         143
    0.423800      59         144
    0.423800      59         145
   -0.847600      60         146
    0.423800      60         147
    0.423800      60         148
   -0.847600      61         149
    0.423800      61         150
    0.423800      61         151
   -0.847600      62         152
    0.423800      62         153
    0.423800      62         154
   -0.847600      63         155
    0.423800      63         156
    0.423800      63         157
   -0.847600      64         158
    0.423800      64         159
    0.423800      64         160
   -0.847600      65         161
    0.423800      65         162
    0.423800      65         163
   -0.847600      66         164
    0.423800      66         165
    0.423800      66         166
   -0.847600      67         167
    0.423800      67         168
    0.423800      67         169
   -0.847600      68         170
    0.423800      68         171
    0.423800      68         172
   -0.847600      69         173
    0.423800      69         174
    0.423800      69         175
   -0.847600      70         176
    0.423800      70         177
    0.423800      70         178
   -0.847600      71         179
    0.423800      71         180
    0.423800      71         181
   -0.847600      72         182
    0.423800      72         183
    0.423800      72         184
   -0.847600      73         185
    0.423800      73         186
    0.423800      73         187
   -0.847600      74         188
    0.423800      74         189
    0.423800      74         190
   -0.847600      75         191
    0.423800      75         192
    0.423800      75         193
   -0.847600      76         194
    0.423800      76         195
    0.423800      76         196
   -0.847600      77         197
    0.423800      77         198
    0.423800      77         199
   -0.847600      78         200
    0.423800      78         201
    0.423800      78         202
   -0.847600      79         203
    0.423800      79         204
    0.423800      79         205
   -0.847600      80         206
    0.423800      80         207
    0.423800      80         208
   -0.847600      81         209
    0.423800      81         210
    0.423800      81         211
   -0.847600      82         212
    0.423800      82         213
    0.423800      82         214
   -0.847600      83         215
    0.423800      83         216
    0.423800      83         217
   -0.847600      84         218
    0.423800      84         219
    0.423800      84         220
   -0.847600      85         221
    0.423800      85         222
    0.423800      85         223
   -0.847600      86         224
    0.423800      86         225
    0.423800      86         226
   -0.847600      87         227
    0.423800      87         228
    0.423800      87         229
   -0.847600      88         230
    0.423800      88         231
    0.423800      88         232
   -0.847600      89         233
    0.423800      89         234
    0.423800      89         235
   -0.847600      90         236
    0.423800      90         237
    0.423800      90         238
   -0.847600      91         239
    0.423800      91         240
    0.423800      91         241
   -0.847600      92         242
    0.423800      92         243
    0.423800      92         244
   -0.847600      93         245
    0.423800      93         246
    0.423800      93         247
   -0.847600      94         248
    0.423800      94         249
    0.423800      94         250
   -0.847600      95         251
    0.423800      95         252
    0.423800      95         253
   -0.847600      96         254
    0.423800      96         255
    0.423800      96         256
   -0.847600      97         257
    0.423800      97         258
    0.423800      97         259
   -0.847600      98         260
    0.423800      98         261
    0.423800      98         262
   -0.847600      99         263
    0.423800      99         264
    0.423800      99         265
   -0.847600     100         266
    0.423800     100         267
    0.423800     100         268
   -0.847600     101         269
    0.423800     101         270
    0.423800     101         271
   -0.847600     102         272
    0.423800     102         273
    0.423800     102         274
   -0.847600     103         275
    0.423800     103         276
    0.423800     103         277
   -0.847600     104         278
    0.423800     104         279
    0.423800     104         280
   -0.847600     105         281
    0.423800     105         282
    0.423800     105         283
   -0.847600     106         284
    0.423800     106         285
    0.423800     106         286
   -0.847600     107         287
    0.423800     107         288
    0.423800     107         289
   -0.847600     108         290
    0.423800     108         291
    0.423800     108         292
   -0.847600     109         293
    0.423800     109         294
    0.423800     109         295
   -0.847600     110         296
    0.423800     110         297
    0.423800     110         298
   -0.847600     111         299
    0.423800     111         300
    0.423800     111         301
   -0.847600     112         302
    0.423800     112         303
    0.423800     112         304
   -0.847600     113         305
    0.423800     113         306
    0.423800     113         307
   -0.847600     114         308
    0.423800     114         309
    0.423800     114         310
   -0.847600     115         311
    0.423800     115         312
    0.423800     115         313
   -0.847600     116         314
    0.423800     116         315
    0.423800     116         316
   -0.847600     117         317
    0.423800     117         318
    0.423800     117         319
   -0.847600     118         320
    0.423800     118         321
    0.423800     118         322
   -0.847600     119         323
    0.423800     119         324
    0.423800     119         325
   -0.847600     120         326
    0.423800     120         327
    0.423800     120         328
   -0.847600     121         329
    0.423800     121         330
    0.423800     121         331
   -0.847600     122         332
    0.423800     122         333
    0.423800     122         334
   -0.847600     123         335
    0.423800     123         336
    0.423800     123         337
   -0.847600     124         338
    0.423800     124         339
    0.423800     124         340
   -0.847600     125         341
    0.423800     125         342
    0.423800     125         343
   -0.847600     126         344
    0.423800     126         345
    0.423800     126         346
   -0.847600     127         347
    0.423800     127         348
    0.423800     127         349
   -0.847600     128         350
    0.423800     128         351
    0.423800     128         352
   -0.847600     129         353
    0.423800     129         354
    0.423800     129         355
   -0.847600     130         356
    0.423800     130         357
    0.423800     130         358
   -0.847600     131         359
    0.423800     131         360
    0.423800     131         361
   -0.847600     132         362
    0.423800     132         363
    0.423800     132         364
   -0.847600     133         365
    0.423800     133         366
    0.423800     133         367
   -0.847600     134         368
    0.423800     134         369
    0.423800     134         370
   -0.847600     135         371
    0.423800     135         372
    0.423800     135         373
   -0.847600     136         374
    0.423800     136         375
    0.423800     136         376
   -0.847600     137         377
    0.423800     137         378
    0.423800     137         379
   -0.847600     138         380
    0.423800     138         381
    0.423800     138         382
   -0.847600     139         383
    0.423800     139         384
    0.423800     139         385
   -0.847600     140         386
    0.423800     140         387
    0.423800     140         388
   -0.847600     141         389
    0.423800     141         390
    0.423800     141         391
   -0.847600     142         392
    0.423800     142         393
    0.423800     142         394
   -0.847600     143         395
    0.423800     143         396
    0.423800     143         397
   -0.847600     144         398
    0.423800     144         399
    0.423800     144         400
   -0.847600     145         401
    0.423800     145         402
    0.423800     145         403
   -0.847600     146         404
    0.423800     146         405
    0.423800     146         406
   -0.847600     147         407
    0.423800     147         408
    0.423800     147         409
   -0.847600     148         410
    0.423800     148         411
    0.423800     148         412
   -0.847600     149         413
    0.423800     149         414
    0.423800     149         415
   -0.847600     150         416
    0.423800     150         417
    0.423800     150         418
   -0.847600     151         419
    0.423800     151         420
    0.423800     151         421
   -0.847600     152         422
    0.423800     152         423
    0.423800     152         424
   -0.847600     153         425
    0.423800     153         426
    0.423800     153         427
   -0.847600     154         428
    0.423800     154         429
    0.423800     154         430
   -0.847600     155         431
    0.423800     155         432
    0.423800     155         433
   -0.847600     156         434
    0.423800     156         435
    0.423800     156         436
   -0.847600     157         437
    0.423800     157         438
    0.423800     157         439
   -0.847600     158         440
    0.423800     158         441
    0.423800     158         442
   -0.847600     159         443
    0.423800     159         444
    0.423800     159         445
   -0.847600     160         446
    0.423800     160         447
    0.423800     160         448
   -0.847600     161         449
    0.423800     161         450
    0.423800     161         451
   -0.847600     162         452
    0.423800     162         453
    0.423800     162         454
   -0.847600     163         455
    0.423800     163         456
    0.423800     163         457
   -0.847600     164         458
    0.423800     164         459
    0.423800     164         460
   -0.847600     165         461
    0.423800     165         462
    0.423800     165         463
   -0.847600     166         464
    0.423800     166         465
    0.423800     166         466
   -0.847600     167         467
    0.423800     167         468
    0.423800     167         469
   -0.847600     168         470
    0.423800     168         471
    0.423800     168         472
   -0.847600     169         473
    0.423800     169         474
    0.423800     169         475
   -0.847600     170         476
    0.423800     170         477
    0.423800     170         478
   -0.847600     171         479
    0.423800     171         480
    0.423800     171         481
   -0.847600     172         482
    0.423800     172         483
    0.423800     172         484
   -0.847600     173         485
    0.423800     173         486
    0.423800     173         487
   -0.847600     174         488
    0.423800     174         489
    0.423800     174         490
   -0.847600     175         491
    0.423800     175         492
    0.423800     175         493
   -0.847600     176         494
    0.423800     176         495
    0.423800     176         496
   -0.847600     177         497
    0.423800     177         498
    0.423800     177         499
   -0.847600     178         500
    0.423800     178         501
    0.423800     178         502
   -0.847600     179         503
    0.423800     179         504
    0.423800     179         505
   -0.847600     180         506
    0.423800     180         507
    0.423800     180         508
   -0.847600     181         509
    0.423800     181         510
    0.423800     181         511
   -0.847600     182         512
    0.423800     182         513
    0.423800     182         514
   -0.847600     183         515
    0.423800     183         516
    0.423800     183         517
   -0.847600     184         518
    0.423800     184         519
    0.423800     184         520
   -0.847600     185         521
    0.423800     185         522
    0.423800     185         523
   -0.847600     186         524
    0.423800     186         525
    0.423800     186         526
   -0.847600     187         527
    0.423800     187         528
    0.423800     187         529
   -0.847600     188         530
    0.423800     188         531
    0.423800     188         532
   -0.847600     189         533
    0.423800     189         534
    0.423800     189         535
   -0.847600     190         536
    0.423800     190         537
    0.423800     190         538
   -0.847600     191         539
    0.423800     191         540
    0.423800     191         541
   -0.847600     192         542
    0.423800     192         543
    0.423800     192         544
   -0.847600     193         545
    0.423800     193         546
    0.423800     193         547
   -0.847600     194         548
    0.423800     194         549
    0.423800     194         550
   -0.847600     195         551
    0.423800     195         552
    0.423800     195         553
   -0.847600     196         554
    0.423800     196         555
    0.423800     196         556
   -0.847600     197         557
    0.423800     197         558
    0.423800     197         559
   -0.847600     198         560
    0.423800     198         561
    0.423800     198         562
   -0.847600     199         563
    0.423800     199         564
    0.423800     199         565
   -0.847600     200         566
    0.423800     200         567
    0.423800     200         568
   -0.847600     201         569
    0.423800     201         570
    0.423800     201         571
   -0.847600     202         572
    0.423800     202         573
    0.423800     202         574
   -0.847600     203         575
    0.423800     203         576
    0.423800     203         577
   -0.847600     204         578
    0.423800     204         579
    0.423800     204         580
   -0.847600     205         581
    0.423800     205         582
    0.423800     205         583
   -0.847600     206         584
    0.423800     206         585
    0.423800     206         586
   -0.847600     207         587
    0.423800     207         588
    0.423800     207         589
   -0.847600     208         590
    0.423800     208         591
    0.423800     208         592
   -0.847600     209         593
    0.423800     209         594
    0.423800     209         595
   -0.847600     210         596
    0.423800     210         597
    0.423800     210         598
   -0.847600     211         599
    0.423800     211         600
    0.423800     211         601
   -0.847600     212         602
    0.423800     212         603
    0.423800     212         604
   -0.847600     213         605
    0.423800     213         606
    0.423800     213         607
   -0.847600     214         608
    0.423800     214         609
    0.423800     214         610
   -0.847600     215         611
    0.423800     215         612
    0.423800     215         613
   -0.847600     216         614
    0.423800     216         615
    0.423800     216         616
   -0.847600     217         617
    0.423800     217         618
    0.423800     217         619
   -0.847600     218         620
    0.423800     218         621
    0.423800     218         622
   -0.847600     219         623
    0.423800     219         624
    0.423800     219         625
   -0.847600     220         626
    0.423800     220         627
    0.423800     220         628
   -0.847600     221         629
    0.423800     221         630
    0.423800     221         631
   -0.847600     222         632
    0.423800     222         633
    0.423800     222         634
   -0.847600     223         635
    0.423800     223         636
    0.423800     223         637
   -0.847600     224         638
    0.423800     224         639
    0.423800     224         640
   -0.847600     225         641
    0.423800     225         642
    0.423800     225         643
   -0.847600     226         644
    0.423800     226         645
    0.423800     226         646
   -0.847600     227         647
    0.423800     227         648
    0.423800     227         649
   -0.847600     228         650
    0.423800     228         651
    0.423800     228         652
   -0.847600     229         653
    0.423800     229         654
    0.423800     229         655
   -0.847600     230         656
    0.423800     230         657
    0.423800     230         658
   -0.847600     231         659
    0.423800     231         660
    0.423800     231         661
   -0.847600     232         662
    0.423800     232         663
    0.423800     232         664
   -0.847600     233         665
    0.423800     233         666
    0.423800     233         667
   -0.847600     234         668
    0.423800     234         669
    0.423800     234         670
   -0.847600     235         671
    0.423800     235         672
    0.423800     235         673
   -0.847600     236         674
    0.423800     236         675
    0.423800     236         676
   -0.847600     237         677
    0.423800     237         678
    0.423800     237         679
   -0.847600     238         680
    0.423800     238         681
    0.423800     238         682
   -0.847600     239         683
    0.423800     239         684
    0.423800     239         685
   -0.847600     240         686
    0.423800     240         687
    0.423800     240         688
   -0.847600     241         689
    0.423800     241         690
    0.423800     241         691
   -0.847600     242         692
    0.423800     242         693
    0.423800     242         694
   -0.847600     243         695
    0.423800     243         696
    0.423800     243         697
   -0.847600     244         698
    0.423800     244         699
    0.423800     244         700
   -0.847600     245         701
    0.423800     245         702
    0.423800     245         703
   -0.847600     246         704
    0.423800     246         705
    0.423800     246         706
   -0.847600     247         707
    0.423800     247         708
    0.423800     247         709
   -0.847600     248         710
    0.423800     248         711
    0.423800     248         712
   -0.847600     249         713
    0.423800     249         714
    0.423800     249         715
   -0.847600     250         716
    0.423800     250         717
    0.423800     250         718
   -0.847600     251         719
    0.423800     251         720
    0.423800     251         721
   -0.847600     252         722
    0.423800     252         723
    0.423800     252         724
   -0.847600     253         725
    0.423800     253         726
    0.423800     253         727
   -0.847600     254         728
    0.423800     254         729
    0.423800     254         730
   -0.847600     255         731
    0.423800     255         732
    0.423800     255         733
   -0.847600     256         734
    0.423800     256         735
    0.423800     256         736
   -0.847600     257         737
    0.423800     257         738
    0.423800     257         739
   -0.847600     258         740
    0.423800     258         741
    0.423800     258         742
   -0.847600     259         743
    0.423800     259         744
    0.423800     259         745
   -0.847600     260         746
    0.423800     260         747
    0.423800     260         748
   -0.847600     261         749
    0.423800     261         750
    0.423800     261         751
   -0.847600     262         752
    0.423800     262         753
    0.423800     262         754
   -0.847600     263         755
    0.423800     263         756
    0.423800     263         757
   -0.847600     264         758
    0.423800     264         759
    0.423800     264         760
   -0.847600     265         761
    0.423800     265         762
    0.423800     265         763
   -0.847600     266         764
    0.423800     266         765
    0.423800     266         766
   -0.847600     267         767
    0.423800     267         768
    0.423800     267         769
   -0.847600     268         770
    0.423800     268         771
    0.423800     268         772
   -0.847600     269         773
    0.423800     269         774
    0.423800     269         775
   -0.847600     270         776
    0.423800     270         777
    0.423800     270         778
   -0.847600     271         779
    0.423800     271         780
    0.423800     271         781
   -0.847600     272         782
    0.423800     272         783
    0.423800     272         784
   -0.847600     273         785
    0.423800     273         786
    0.423800     273         787
   -0.847600     274         788
    0.423800     274         789
    0.423800     274         790
   -0.847600     275         791
    0.423800     275         792
    0.423800     275         793
   -0.847600     276         794
    0.423800     276         795
    0.423800     276         796
   -0.847600     277         797
    0.423800     277         798
    0.423800     277         799
   -0.847600     278         800
    0.423800     278         801
    0.423800     278         802
   -0.847600     279         803
    0.423800     279         804
    0.423800     279         805
   -0.847600     280         806
    0.423800     280         807
    0.423800     280         808
   -0.847600     281         809
    0.423800     281         810
    0.423800     281         811
   -0.847600     282         812
    0.423800     282         813
    0.423800     282         814
   -0.847600     283         815
    0.423800     283         816
    0.423800     283         817
   -0.847600     284         818
    0.423800     284         819
    0.423800     284         820
   -0.847600     285         821
    0.423800     285         822
    0.423800     285         823
   -0.847600     286         824
    0.423800     286         825
    0.423800     286         826
   -0.847600     287         827
    0.423800     287         828
    0.423800     287         829
   -0.847600     288         830
    0.423800     288         831
    0.423800     288         832
   -0.847600     289         833
    0.423800     289         834
    0.423800     289         835
   -0.847600     290         836
    0.423800     290         837
    0.423800     290         838
   -0.847600     291         839
    0.423800     291         840
    0.423800     291         841
   -0.847600     292         842
    0.423800     292         843
    0.423800     292         844
   -0.847600     293         845
    0.423800     293         846
    0.423800     293         847
   -0.847600     294         848
    0.423800     294         849
    0.423800     294         850
   -0.847600     295         851
    0.423800     295         852
    0.423800     295         853
   -0.847600     296         854
    0.423800     296         855
    0.423800     296         856
   -0.847600     297         857
    0.423800     297         858
    0.423800     297         859
   -0.847600     298         860
    0.423800     298         861
    0.423800     298         862
   -0.847600     299         863
    0.423800     299         864
    0.423800     299         865
   -0.847600     300         866
    0.423800     300         867
    0.423800     300         868
   -0.847600     301         869
    0.423800     301         870
    0.423800     301         871
   -0.847600     302         872
    0.423800     302         873
    0.423800     302         874
   -0.847600     303         875
    0.423800     303         876
    0.423800     303         877
   -0.847600     304         878
    0.423800     304         879
    0.423800     304         880
   -0.847600     305         881
    0.423800     305         882
    0.423800     305         883
   -0.847600     306         884
    0.423800     306         885
    0.423800     306         886
   -0.847600     307         887
    0.423800     307         888
    0.423800     307         889
   -0.847600     308         890
    0.423800     308         891
    0.423800     308         892
   -0.847600     309         893
    0.423800     309         894
    0.423800     309         895
   -0.847600     310         896
    0.423800     310         897
    0.423800     310         898
   -0.847600     311         899
    0.423800     311         900
    0.423800     311         901
   -0.847600     312         902
    0.423800     312         903
    0.423800     312         904
   -0.847600     313         905
    0.423800     313         906
    0.423800     313         907
   -0.847600     314         908
    0.423800     314         909
    0.423800     314         910
   -0.847600     315         911
    0.423800     315         912
    0.423800     315         913
   -0.847600     316         914
    0.423800     316         915
    0.423800     316         916
   -0.847600     317         917
    0.423800     317         918
    0.423800     317         919
   -0.847600     318         920
    0.423800     318         921
    0.423800     318         922
   -0.847600     319         923
    0.423800     319         924
    0.423800     319         925
   -0.847600     320         926
    0.423800     320         927
    0.423800     320         928
   -0.847600     321         929
    0.423800     321         930
    0.423800     321         931
   -0.847600     322         932
    0.423800     322         933
    0.423800     322         934
   -0.847600     323         935
    0.423800     323         936
    0.423800     323         937
   -0.847600     324         938
    0.423800     324         939
    0.423800     324         940
   -0.847600     325         941
    0.423800     325         942
    0.423800     325         943
   -0.847600     326         944
    0.423800     326         945
    0.423800     326         946
   -0.847600     327         947
    0.423800     327         948
    0.423800     327         949
   -0.847600     328         950
    0.423800     328         951
    0.423800     328         952
   -0.847600     329         953
    0.423800     329         954
    0.423800     329         955
   -0.847600     330         956
    0.423800     330         957
    0.423800     330         958
   -0.847600     331         959
    0.423800     331         960
    0.423800     331         961
   -0.847600     332         962
    0.423800     332         963
    0.423800     332         964
   -0.847600     333         965
    0.423800     333         966
    0.423800     333         967
   -0.847600     334         968
    0.423800     334         969
    0.423800     334         970
   -0.847600     335         971
    0.423800     335         972
    0.423800     335         973
   -0.847600     336         974
    0.423800     336         975
    0.423800     336         976
   -0.847600     337         977
    0.423800     337         978
    0.423800     337         979
   -0.847600     338         980
    0.423800     338         981
    0.423800     338         982
   -0.847600     339         983
    0.423800     339         984
    0.423800     339         985
   -0.847600     340         986
    0.423800     340         987
    0.423800     340         988
   -0.847600     341         989
    0.423800     341         990
    0.423800     341         991
   -0.847600     342         992
    0.423800     342         993
    0.423800     342         994
   -0.847600     343         995
    0.423800     343         996
    0.423800     343         997
   -0.847600     344         998
    0.423800     344         999
    0.423800     344        1000
   -0.847600     345        1001
    0.423800     345        1002
    0.423800     345        1003
   -0.847600     346        1004
    0.423800     346        1005
    0.423800     346        1006
   -0.847600     347        1007
    0.423800     347        1008
    0.423800     347        1009
   -0.847600     348        1010
    0.423800     348        1011
    0.423800     348        1012
   -0.847600     349        1013
    0.423800     349        1014
    0.423800     349        1015
   -0.847600     350        1016
    0.423800     350        1017
    0.423800     350        1018
   -0.847600     351        1019
    0.423800     351        1020
    0.423800     351        1021
   -0.847600     352        1022
    0.423800     352        1023
    0.423800     352        1024
   -0.847600     353        1025
    0.423800     353        1026
    0.423800     353        1027
   -0.847600     354        1028
    0.423800     354        1029
    0.423800     354        1030
   -0.847600     355        1031
    0.423800     355        1032
    0.423800     355        1033
   -0.847600     356        1034
    0.423800     356        1035
    0.423800     356        1036
   -0.847600     357        1037
    0.423800     357        1038
    0.423800     357        1039
   -0.847600     358        1040
    0.423800     358        1041
    0.423800     358        1042
   -0.847600     359        1043
    0.423800     359        1044
    0.423800     359        1045
   -0.847600     360        1046
    0.423800     360        1047
    0.423800     360        1048
   -0.847600     361        1049
    0.423800     361        1050
    0.423800     361        1051
   -0.847600     362        1052
    0.423800     362        1053
    0.423800     362        1054
   -0.847600     363        1055
    0.423800     363        1056
    0.423800     363        1057
   -0.847600     364        1058
    0.423800     364        1059
    0.423800     364        1060
   -0.847600     365        1061
    0.423800     365        1062
    0.423800     365        1063
   -0.847600     366        1064
    0.423800     366        1065
    0.423800     366        1066
   -0.847600     367        1067
    0.423800     367        1068
    0.423800     367        1069
   -0.847600     368        1070
    0.423800     368        1071
    0.423800     368        1072
   -0.847600     369        1073
    0.423800     369        1074
    0.423800     369        1075
   -0.847600     370        1076
    0.423800     370        1077
    0.423800     370        1078
   -0.847600     371        1079
    0.423800     371        1080
    0.423800     371        1081
   -0.847600     372        1082
    0.423800     372        1083
    0.423800     372        1084
   -0.847600     373        1085
    0.423800     373        1086
    0.423800     373        1087
   -0.847600     374        1088
    0.423800     374        1089
    0.423800     374        1090
   -0.847600     375        1091
    0.423800     375        1092
    0.423800     375        1093
   -0.847600     376        1094
    0.423800     376        1095
    0.423800     376        1096
   -0.847600     377        1097
    0.423800     377        1098
    0.423800     377        1099
   -0.847600     378        1100
    0.423800     378        1101
    0.423800     378        1102
   -0.847600     379        1103
    0.423800     379        1104
    0.423800     379        1105
   -0.847600     380        1106
    0.423800     380        1107
    0.423800     380        1108
   -0.847600     381        1109
    0.423800     381        1110
    0.423800     381        1111
   -0.847600     382        1112
    0.423800     382        1113
    0.423800     382        1114
   -0.847600     383        1115
    0.423800     383        1116
    0.423800     383        1117
   -0.847600     384        1118
    0.423800     384        1119
    0.423800     384        1120
   -0.847600     385        1121
    0.423800     385        1122
    0.423800     385        1123
   -0.847600     386        1124
    0.423800     386        1125
    0.423800     386        1126
   -0.847600     387        1127
    0.423800     387        1128
    0.423800     387        1129
   -0.847600     388        1130
    0.423800     388        1131
    0.423800     388        1132
   -0.847600     389        1133
    0.423800     389        1134
    0.423800     389        1135
   -0.847600     390        1136
    0.423800     390        1137
    0.423800     390        1138
   -0.847600     391        1139
    0.423800     391        1140
    0.423800     391        1141
   -0.847600     392        1142
    0.423800     392        1143
    0.423800     392        1144
   -0.847600     393        1145
    0.423800     393        1146
    0.423800     393        1147
   -0.847600     394        1148
    0.423800     394        1149
    0.423800     394        1150
   -0.847600     395        1151
    0.423800     395        1152
    0.423800     395        1153
   -0.847600     396        1154
    0.423800     396        1155
    0.423800     396        1156
   -0.847600     397        1157
    0.423800     397        1158
    0.423800     397        1159
   -0.847600     398        1160
    0.423800     398        1161
    0.423800     398        1162
   -0.847600     399        1163
    0.423800     399        1164
    0.423800     399        1165
   -0.847600     400        1166
    0.423800     400        1167
    0.423800     400        1168
   -0.847600     401        1169
    0.423800     401        1170
    0.423800     401        1171
   -0.847600     402        1172
    0.423800     402        1173
    0.423800     402        1174
   -0.847600     403        1175
    0.423800     403        1176
    0.423800     403        1177
   -0.847600     404        1178
    0.423800     404        1179
    0.423800     404        1180
   -0.847600     405        1181
    0.423800     405        1182
    0.423800     405        1183
   -0.847600     406        1184
    0.423800     406        1185
    0.423800     406        1186
   -0.847600     407        1187
    0.423800     407        1188
    0.423800     407        1189
   -0.847600     408        1190
    0.423800     408        1191
    0.423800     408        1192
   -0.847600     409        1193
    0.423800     409        1194
    0.423800     409        1195
   -0.847600     410        1196
    0.423800     410        1197
    0.423800     410        1198
   -0.847600     411        1199
    0.423800     411        1200
    0.423800     411        1201
   -0.847600     412        1202
    0.423800     412        1203
    0.423800     412        1204
   -0.847600     413        1205
    0.423800     413        1206
    0.423800     413        1207
   -0.847600     414        1208
    0.423800     414        1209
    0.423800     414        1210
   -0.847600     415        1211
    0.423800     415        1212
    0.423800     415        1213
   -0.847600     416        1214
    0.423800     416        1215
    0.423800     416        1216
   -0.847600     417        1217
    0.423800     417        1218
    0.423800     417        1219
   -0.847600     418        1220
    0.423800     418        1221
    0.423800     418        1222
   -0.847600     419        1223
    0.423800     419        1224
    0.423800     419        1225
   -0.847600     420        1226
    0.423800     420        1227
    0.423800     420        1228
   -0.847600     421        1229
    0.423800     421        1230
    0.423800     421        1231
   -0.847600     422        1232
    0.423800     422        1233
    0.423800     422        1234
   -0.847600     423        1235
    0.423800     423        1236
    0.423800     423        1237
   -0.847600     424        1238
    0.423800     424        1239
    0.423800     424        1240
   -0.847600     425        1241
    0.423800     425        1242
    0.423800     425        1243
   -0.847600     426        1244
    0.423800     426        1245
    0.423800     426        1246
   -0.847600     427        1247
    0.423800     427        1248
    0.423800     427        1249
   -0.847600     428        1250
    0.423800     428        1251
    0.423800     428        1252
   -0.847600     429        1253
    0.423800     429        1254
    0.423800     429        1255
   -0.847600     430        1256
    0.423800     430        1257
    0.423800     430        1258
   -0.847600     431        1259
    0.423800     431        1260
    0.423800     431        1261
   -0.847600     432        1262
    0.423800     432        1263
    0.423800     432        1264
   -0.847600     433        1265
    0.423800     433        1266
    0.423800     433        1267
   -0.847600     434        1268
    0.423800     434        1269
    0.423800     434        1270
   -0.847600     435        1271
    0.423800     435        1272
    0.423800     435        1273
   -0.847600     436        1274
    0.423800     436        1275
    0.423800     436        1276
   -0.847600     437        1277
    0.423800     437        1278
    0.423800     437        1279
   -0.847600     438        1280
    0.423800     438        1281
    0.423800     438        1282
   -0.847600     439        1283
    0.423800     439        1284
    0.423800     439        1285
   -0.847600     440        1286
    0.423800     440        1287
    0.423800     440        1288
   -0.847600     441        1289
    0.423800     441        1290
    0.423800     441        1291
   -0.847600     442        1292
    0.423800     442        1293
    0.423800     442        1294
   -0.847600     443        1295
    0.423800     443        1296
    0.423800     443        1297
   -0.847600     444        1298
    0.423800     444        1299
    0.423800     444        1300
   -0.847600     445        1301
    0.423800     445        1302
    0.423800     445        1303
   -0.847600     446        1304
    0.423800     446        1305
    0.423800     446        1306
   -0.847600     447        1307
    0.423800     447        1308
    0.423800     447        1309
   -0.847600     448        1310
    0.423800     448        1311
    0.423800     448        1312
   -0.847600     449        1313
    0.423800     449        1314
    0.423800     449        1315
   -0.847600     450        1316
    0.423800     450        1317
    0.423800     450        1318
   -0.847600     451        1319
    0.423800     451        1320
    0.423800     451        1321
   -0.847600     452        1322
    0.423800     452        1323
    0.423800     452        1324
   -0.847600     453        1325
    0.423800     453        1326
    0.423800     453        1327
   -0.847600     454        1328
    0.423800     454        1329
    0.423800     454        1330
   -0.847600     455        1331
    0.423800     455        1332
    0.423800     455        1333
   -0.847600     456        1334
    0.423800     456        1335
    0.423800     456        1336
   -0.847600     457        1337
    0.423800     457        1338
    0.423800     457        1339
   -0.847600     458        1340
    0.423800     458        1341
    0.423800     458        1342
   -0.847600     459        1343
    0.423800     459        1344
    0.423800     459        1345
   -0.847600     460        1346
    0.423800     460        1347
    0.423800     460        1348
   -0.847600     461        1349
    0.423800     461        1350
    0.423800     461        1351
   -0.847600     462        1352
    0.423800     462        1353
    0.423800     462        1354
   -0.847600     463        1355
    0.423800     463        1356
    0.423800     463        1357
   -0.847600     464        1358
    0.423800     464        1359
    0.423800     464        1360
   -0.847600     465        1361
    0.423800     465        1362
    0.423800     465        1363
   -0.847600     466        1364
    0.423800     466        1365
    0.423800     466        1366
   -0.847600     467        1367
    0.423800     467        1368
    0.423800     467        1369
   -0.847600     468        1370
    0.423800     468        1371
    0.423800     468        1372
   -0.847600     469        1373
    0.423800     469        1374
    0.423800     469        1375
   -0.847600     470        1376
    0.423800     470        1377
    0.423800     470        1378
   -0.847600     471        1379
    0.423800     471        1380
    0.423800     471        1381
   -0.847600     472        1382
    0.423800     472        1383
    0.423800     472        1384
   -0.847600     473        1385
    0.423800     473        1386
    0.423800     473        1387
   -0.847600     474        1388
    0.423800     474        1389
    0.423800     474        1390
   -0.847600     475        1391
    0.423800     475        1392
    0.423800     475        1393
   -0.847600     476        1394
    0.423800     476        1395
    0.423800     476        1396
   -0.847600     477        1397
    0.423800     477        1398
    0.423800     477        1399
   -0.847600     478        1400
    0.423800     478        1401
    0.423800     478        1402
   -0.847600     479        1403
    0.423800     479        1404
    0.423800     479        1405
   -0.847600     480        1406
    0.423800     480        1407
    0.423800     480        1408
   -0.847600     481        1409
    0.423800     481        1410
    0.423800     481        1411
   -0.847600     482        1412
    0.423800     482        1413
    0.423800     482        1414
   -0.847600     483        1415
    0.423800     483        1416
    0.423800     483        1417
   -0.847600     484        1418
    0.423800     484        1419
    0.423800     484        1420
   -0.847600     485        1421
    0.423800     485        1422
    0.423800     485        1423
   -0.847600     486        1424
    0.423800     486        1425
    0.423800     486        1426
   -0.847600     487        1427
    0.423800     487        1428
    0.423800     487        1429
   -0.847600     488        1430
    0.423800     488        1431
    0.423800     488        1432
   -0.847600     489        1433
    0.423800     489        1434
    0.423800     489        1435
   -0.847600     490        1436
    0.423800     490        1437
    0.423800     490        1438
   -0.847600     491        1439
    0.423800     491        1440
    0.423800     491        1441
   -0.847600     492        1442
    0.423800     492        1443
    0.423800     492        1444
   -0.847600     493        1445
    0.423800     493        1446
    0.423800     493        1447
   -0.847600     494        1448
    0.423800     494        1449
    0.423800     494        1450
   -0.847600     495        1451
    0.423800     495        1452
    0.423800     495        1453
   -0.847600     496        1454
    0.423800     496        1455
    0.423800     496        1456
   -0.847600     497        1457
    0.423800     497        1458
    0.423800     497        1459
   -0.847600     498        1460
    0.423800     498        1461
    0.423800     498        1462
   -0.847600     499        1463
    0.423800     499        1464
    0.423800     499        1465
   -0.847600     500        1466
    0.423800     500        1467
    0.423800     500        1468
   -0.847600     501        1469
    0.423800     501        1470
    0.423800     501        1471
   -0.847600     502        1472
    0.423800     502        1473
    0.423800     502        1474
   -0.847600     503        1475
    0.423800     503        1476
    0.423800     503        1477
   -0.847600     504        1478
    0.423800     504        1479
    0.423800     504        1480
   -0.847600     505        1481
    0.423800     505        1482
    0.423800     505        1483
   -0.847600     506        1484
    0.423800     506        1485
    0.423800     506        1486
   -0.847600     507        1487
    0.423800     507        1488
    0.423800     507        1489
   -0.847600     508        1490
    0.423800     508        1491
    0.423800     508        1492
   -0.847600     509        1493
    0.423800     509        1494
    0.423800     509        1495
   -0.847600     510        1496
    0.423800     510        1497
    0.423800     510        1498
   -0.847600     511        1499
    0.423800     511        1500
    0.423800     511        1501
   -0.847600     512        1502
    0.423800     512        1503
    0.423800     512        1504
   -0.847600     513        1505
    0.423800     513        1506
    0.423800     513        1507
   -0.847600     514        1508
    0.423800     514        1509
    0.423800     514        1510
   -0.847600     515        1511
    0.423800     515        1512
    0.423800     515        1513
   -0.847600     516        1514
    0.423800     516        1515
    0.423800     516        1516
   -0.847600     517        1517
    0.423800     517        1518
    0.423800     517        1519
   -0.847600     518        1520
    0.423800     518        1521
    0.423800     518        1522
   -0.847600     519        1523
    0.423800     519        1524
    0.423800     519        1525
   -0.847600     520        1526
    0.423800     520        1527
    0.423800     520        1528
   -0.847600     521        1529
    0.423800     521        1530
    0.423800     521        1531
   -0.847600     522        1532
    0.423800     522        1533
    0.423800     522        1534
   -0.847600     523        1535
    0.423800     523        1536
    0.423800     523        1537
   -0.847600     524        1538
    0.423800     524        1539
    0.423800     524        1540
   -0.847600     525        1541
    0.423800     525        1542
    0.423800     525        1543
   -0.847600     526        1544
    0.423800     526        1545
    0.423800     526        1546
   -0.847600     527        1547
    0.423800     527        1548
    0.423800     527        1549
   -0.847600     528        1550
    0.423800     528        1551
    0.423800     528        1552
   -0.847600     529        1553
    0.423800     529        1554
    0.423800     529        1555
   -0.847600     530        1556
    0.423800     530        1557
    0.423800     530        1558
   -0.847600     531        1559
    0.423800     531        1560
    0.423800     531        1561
   -0.847600     532        1562
    0.423800     532        1563
    0.423800     532        1564
   -0.847600     533        1565
    0.423800     533        1566
    0.423800     533        1567
   -0.847600     534        1568
    0.423800     534        1569
    0.423800     534        1570
   -0.847600     535        1571
    0.423800     535        1572
    0.423800     535        1573
   -0.847600     536        1574
    0.423800     536        1575
    0.423800     536        1576
   -0.847600     537        1577
    0.423800     537        1578
    0.423800     537        1579
   -0.847600     538        1580
    0.423800     538        1581
    0.423800     538        1582
   -0.847600     539        1583
    0.423800     539        1584
    0.423800     539        1585
   -0.847600     540        1586
    0.423800     540        1587
    0.423800     540        1588
   -0.847600     541        1589
    0.423800     541        1590
    0.423800     541        1591
   -0.847600     542        1592
    0.423800     542        1593
    0.423800     542        1594
   -0.847600     543        1595
    0.423800     543        1596
    0.423800     543        1597
   -0.847600     544        1598
    0.423800     544        1599
    0.423800     544        1600
   -0.847600     545        1601
    0.423800     545        1602
    0.423800     545        1603
   -0.847600     546        1604
    0.423800     546        1605
    0.423800     546        1606
   -0.847600     547        1607
    0.423800     547        1608
    0.423800     547        1609
   -0.847600     548        1610
    0.423800     548        1611
    0.423800     548        1612
   -0.847600     549        1613
    0.423800     549        1614
    0.423800     549        1615
   -0.847600     550        1616
    0.423800     550        1617
    0.423800     550        1618
   -0.847600     551        1619
    0.423800     551        1620
    0.423800     551        1621
   -0.847600     552        1622
    0.423800     552        1623
    0.423800     552        1624
   -0.847600     553        1625
    0.423800     553        1626
    0.423800     553        1627
   -0.847600     554        1628
    0.423800     554        1629
    0.423800     554        1630
   -0.847600     555        1631
    0.423800     555        1632
    0.423800     555        1633
   -0.847600     556        1634
    0.423800     556        1635
    0.423800     556        1636
   -0.847600     557        1637
    0.423800     557        1638
    0.423800     557        1639
   -0.847600     558        1640
    0.423800     558        1641
    0.423800     558        1642
   -0.847600     559        1643
    0.423800     559        1644
    0.423800     559        1645
   -0.847600     560        1646
    0.423800     560        1647
    0.423800     560        1648
   -0.847600     561        1649
    0.423800     561        1650
    0.423800     561        1651
   -0.847600     562        1652
    0.423800     562        1653
    0.423800     562        1654
   -0.847600     563        1655
    0.423800     563        1656
    0.423800     563        1657
   -0.847600     564        1658
    0.423800     564        1659
    0.423800     564        1660
   -0.847600     565        1661
    0.423800     565        1662
    0.423800     565        1663
   -0.847600     566        1664
    0.423800     566        1665
    0.423800     566        1666
   -0.847600     567        1667
    0.423800     567        1668
    0.423800     567        1669
   -0.847600     568        1670
    0.423800     568        1671
    0.423800     568        1672
   -0.847600     569        1673
    0.423800     569        1674
    0.423800     569        1675
   -0.847600     570        1676
    0.423800     570        1677
    0.423800     570        1678
   -0.847600     571        1679
    0.423800     571        1680
    0.423800     571        1681
   -0.847600     572        1682
    0.423800     572        1683
    0.423800     572        1684
   -0.847600     573        1685
    0.423800     573        1686
    0.423800     573        1687
   -0.847600     574        1688
    0.423800     574        1689
    0.423800     574        1690
   -0.847600     575        1691
    0.423800     575        1692
    0.423800     575        1693
   -0.847600     576        1694
    0.423800     576        1695
    0.423800     576        1696
   -0.847600     577        1697
    0.423800     577        1698
    0.423800     577        1699
   -0.847600     578        1700
    0.423800     578        1701
    0.423800     578        1702
   -0.847600     579        1703
    0.423800     579        1704
    0.423800     579        1705
   -0.847600     580        1706
    0.423800     580        1707
    0.423800     580        1708
   -0.847600     581        1709
    0.423800     581        1710
    0.423800     581        1711
   -0.847600     582        1712
    0.423800     582        1713
    0.423800     582        1714
   -0.847600     583        1715
    0.423800     583        1716
    0.423800     583        1717
   -0.847600     584        1718
    0.423800     584        1719
    0.423800     584        1720
   -0.847600     585        1721
    0.423800     585        1722
    0.423800     585        1723
   -0.847600     586        1724
    0.423800     586        1725
    0.423800     586        1726
   -0.847600     587        1727
    0.423800     587        1728
    0.423800     587        1729
   -0.847600     588        1730
    0.423800     588        1731
    0.423800     588        1732
   -0.847600     589        1733
    0.423800     589        1734
    0.423800     589        1735
   -0.847600     590        1736
    0.423800     590        1737
    0.423800     590        1738
   -0.847600     591        1739
    0.423800     591        1740
    0.423800     591        1741
   -0.847600     592        1742
    0.423800     592        1743
    0.423800     592        1744
   -0.847600     593        1745
    0.423800     593        1746
    0.423800     593        1747
   -0.847600     594        1748
    0.423800     594        1749
    0.423800     594        1750
   -0.847600     595        1751
    0.423800     595        1752
    0.423800     595        1753
   -0.847600     596        1754
    0.423800     596        1755
    0.423800     596        1756
   -0.847600     597        1757
    0.423800     597        1758
    0.423800     597        1759
   -0.847600     598        1760
    0.423800     598        1761
    0.423800     598        1762
   -0.847600     599        1763
    0.423800     599        1764
    0.423800     599        1765
   -0.847600     600        1766
    0.423800     600        1767
    0.423800     600        1768
   -0.847600     601        1769
    0.423800     601        1770
    0.423800     601        1771
   -0.847600     602        1772
    0.423800     602        1773
    0.423800     602        1774
   -0.847600     603        1775
    0.423800     603        1776
    0.423800     603        1777
   -0.847600     604        1778
    0.423800     604        1779
    0.423800     604        1780
   -0.847600     605        1781
    0.423800     605        1782
    0.423800     605        1783
   -0.847600     606        1784
    0.423800     606        1785
    0.423800     606        1786
   -0.847600     607        1787
    0.423800     607        1788
    0.423800     607        1789
   -0.847600     608        1790
    0.423800     608        1791
    0.423800     608        1792
   -0.847600     609        1793
    0.423800     609        1794
    0.423800     609        1795
   -0.847600     610        1796
    0.423800     610        1797
    0.423800     610        1798
   -0.847600     611        1799
    0.423800     611        1800
    0.423800     611        1801
   -0.847600     612        1802
    0.423800     612        1803
    0.423800     612        1804
   -0.847600     613        1805
    0.423800     613        1806
    0.423800     613        1807
   -0.847600     614        1808
    0.423800     614        1809
    0.423800     614        1810
   -0.847600     615        1811
    0.423800     615        1812
    0.423800     615        1813
   -0.847600     616        1814
    0.423800     616        1815
    0.423800     616        1816
   -0.847600     617        1817
    0.423800     617        1818
    0.423800     617        1819
   -0.847600     618        1820
    0.423800     618        1821
    0.423800     618        1822
   -0.847600     619        1823
    0.423800     619        1824
    0.423800     619        1825
   -0.847600     620        1826
    0.423800     620        1827
    0.423800     620        1828
   -0.847600     621        1829
    0.423800     621        1830
    0.423800     621        1831
   -0.847600     622        1832
    0.423800     622        1833
    0.423800     622        1834
   -0.847600     623        1835
    0.423800     623        1836
    0.423800     623        1837
   -0.847600     624        1838
    0.423800     624        1839
    0.423800     624        1840
   -0.847600     625        1841
    0.423800     625        1842
    0.423800     625        1843
   -0.847600     626        1844
    0.423800     626        1845
    0.423800     626        1846
   -0.847600     627        1847
    0.423800     627        1848
    0.423800     627        1849
   -0.847600     628        1850
    0.423800     628        1851
    0.423800     628        1852
   -0.847600     629        1853
    0.423800     629        1854
    0.423800     629        1855
   -0.847600     630        1856
    0.423800     630        1857
    0.423800     630        1858
   -0.847600     631        1859
    0.423800     631        1860
    0.423800     631        1861
   -0.847600     632        1862
    0.423800     632        1863
    0.423800     632        1864
   -0.847600     633        1865
    0.423800     633        1866
    0.423800     633        1867
   -0.847600     634        1868
    0.423800     634        1869
    0.423800     634        1870
   -0.847600     635        1871
    0.423800     635        1872
    0.423800     635        1873
   -0.847600     636        1874
    0.423800     636        1875
    0.423800     636        1876
   -0.847600     637        1877
    0.423800     637        1878
    0.423800     637        1879
   -0.847600     638        1880
    0.423800     638        1881
    0.423800     638        1882
   -0.847600     639        1883
    0.423800     639        1884
    0.423800     639        1885
   -0.847600     640        1886
    0.423800     640        1887
    0.423800     640        1888
   -0.847600     641        1889
    0.423800     641        1890
    0.423800     641        1891
   -0.847600     642        1892
    0.423800     642        1893
    0.423800     642        1894
   -0.847600     643        1895
    0.423800     643        1896
    0.423800     643        1897
   -0.847600     644        1898
    0.423800     644        1899
    0.423800     644        1900
   -0.847600     645        1901
    0.423800     645        1902
    0.423800     645        1903
   -0.847600     646        1904
    0.423800     646        1905
    0.423800     646        1906
   -0.847600     647        1907
    0.423800     647        1908
    0.423800     647        1909
   -0.847600     648        1910
    0.423800     648        1911
    0.423800     648        1912
   -0.847600     649        1913
    0.423800     649        1914
    0.423800     649        1915
   -0.847600     650        1916
    0.423800     650        1917
    0.423800     650        1918
   -0.847600     651        1919
    0.423800     651        1920
    0.423800     651        1921
   -0.847600     652        1922
    0.423800     652        1923
    0.423800     652        1924
   -0.847600     653        1925
    0.423800     653        1926
    0.423800     653        1927
   -0.847600     654        1928
    0.423800     654        1929
    0.423800     654        1930
   -0.847600     655        1931
    0.423800     655        1932
    0.423800     655        1933
   -0.847600     656        1934
    0.423800     656        1935
    0.423800     656        1936
   -0.847600     657        1937
    0.423800     657        1938
    0.423800     657        1939
   -0.847600     658        1940
    0.423800     658        1941
    0.423800     658        1942
   -0.847600     659        1943
    0.423800     659        1944
    0.423800     659        1945
   -0.847600     660        1946
    0.423800     660        1947
    0.423800     660        1948
   -0.847600     661        1949
    0.423800     661        1950
    0.423800     661        1951
   -0.847600     662        1952
    0.423800     662        1953
    0.423800     662        1954
   -0.847600     663        1955
    0.423800     663        1956
    0.423800     663        1957
   -0.847600     664        1958
    0.423800     664        1959
    0.423800     664        1960
   -0.847600     665        1961
    0.423800     665        1962
    0.423800     665        1963
   -0.847600     666        1964
    0.423800     666        1965
    0.423800     666        1966
   -0.847600     667        1967
    0.423800     667        1968
    0.423800     667        1969
   -0.847600     668        1970
    0.423800     668        1971
    0.423800     668        1972
   -0.847600     669        1973
    0.423800     669        1974
    0.423800     669        1975
   -0.847600     670        1976
    0.423800     670        1977
    0.423800     670        1978
   -0.847600     671        1979
    0.423800     671        1980
    0.423800     671        1981
   -0.847600     672        1982
    0.423800     672        1983
    0.423800     672        1984
   -0.847600     673        1985
    0.423800     673        1986
    0.423800     673        1987
   -0.847600     674        1988
    0.423800     674        1989
    0.423800     674        1990
   -0.847600     675        1991
    0.423800     675        1992
    0.423800     675        1993
   -0.847600     676        1994
    0.423800     676        1995
    0.423800     676        1996
   -0.847600     677        1997
    0.423800     677        1998
    0.423800     677        1999
   -0.847600     678        2000
    0.423800     678        2001
    0.423800     678        2002
   -0.847600     679        2003
    0.423800     679        2004
    0.423800     679        2005
   -0.847600     680        2006
    0.423800     680        2007
    0.423800     680        2008
   -0.847600     681        2009
    0.423800     681        2010
    0.423800     681        2011
   -0.847600     682        2012
    0.423800     682        2013
    0.423800     682        2014
   -0.847600     683        2015
    0.423800     683        2016
    0.423800     683        2017
   -0.847600     684        2018
    0.423800     684        2019
    0.423800     684        2020
   -0.847600     685        2021
    0.423800     685        2022
    0.423800     685        2023
   -0.847600     686        2024
    0.423800     686        2025
    0.423800     686        2026
   -0.847600     687        2027
    0.423800     687        2028
    0.423800     687        2029
   -0.847600     688        2030
    0.423800     688        2031
    0.423800     688        2032
   -0.847600     689        2033
    0.423800     689        2034
    0.423800     689        2035
   -0.847600     690        2036
    0.423800     690        2037
    0.423800     690        2038
   -0.847600     691        2039
    0.423800     691        2040
    0.423800     691        2041
   -0.847600     692        2042
    0.423800     692        2043
    0.423800     692        2044
   -0.847600     693        2045
    0.423800     693        2046
    0.423800     693        2047
   -0.847600     694        2048
    0.423800     694        2049
    0.423800     694        2050
   -0.847600     695        2051
    0.423800     695        2052
    0.423800     695        2053
   -0.847600     696        2054
    0.423800     696        2055
    0.423800     696        2056
   -0.847600     697        2057
    0.423800     697        2058
    0.423800     697        2059
   -0.847600     698        2060
    0.423800     698        2061
    0.423800     698        2062
   -0.847600     699        2063
    0.423800     699        2064
    0.423800     699        2065
   -0.847600     700        2066
    0.423800     700        2067
    0.423800     700        2068
   -0.847600     701        2069
    0.423800     701        2070
    0.423800     701        2071
   -0.847600     702        2072
    0.423800     702        2073
    0.423800     702        2074
   -0.847600     703        2075
    0.423800     703        2076
    0.423800     703        2077
   -0.847600     704        2078
    0.423800     704        2079
    0.423800     704        2080
   -0.847600     705        2081
    0.423800     705        2082
    0.423800     705        2083
   -0.847600     706        2084
    0.423800     706        2085
    0.423800     706        2086
   -0.847600     707        2087
    0.423800     707        2088
    0.423800     707        2089
   -0.847600     708        2090
    0.423800     708        2091
    0.423800     708        2092
   -0.847600     709        2093
    0.423800     709        2094
    0.423800     709        2095
   -0.847600     710        2096
    0.423800     710        2097
    0.423800     710        2098
   -0.847600     711        2099
    0.423800     711        2100
    0.423800     711        2101
   -0.847600     712        2102
    0.423800     712        2103
    0.423800     712        2104
   -0.847600     713        2105
    0.423800     713        2106
    0.423800     713        2107
   -0.847600     714        2108
    0.423800     714        2109
    0.423800     714        2110
   -0.847600     715        2111
    0.423800     715        2112
    0.423800     715        2113
   -0.847600     716        2114
    0.423800     716        2115
    0.423800     716        2116
   -0.847600     717        2117
    0.423800     717        2118
    0.423800     717        2119
   -0.847600     718        2120
    0.423800     718        2121
    0.423800     718        2122
   -0.847600     719        2123
    0.423800     719        2124
    0.423800     719        2125
   -0.847600     720        2126
    0.423800     720        2127
    0.423800     720        2128
   -0.847600     721        2129
    0.423800     721        2130
    0.423800     721        2131
   -0.847600     722        2132
    0.423800     722        2133
    0.423800     722        2134
   -0.847600     723        2135
    0.423800     723        2136
    0.423800     723        2137
   -0.847600     724        2138
    0.423800     724        2139
    0.423800     724        2140
   -0.847600     725        2141
    0.423800     725        2142
    0.423800     725        2143
   -0.847600     726        2144
    0.423800     726        2145
    0.423800     726        2146
   -0.847600     727        2147
    0.423800     727        2148
    0.423800     727        2149
   -0.847600     728        2150
    0.423800     728        2151
    0.423800     728        2152
   -0.847600     729        2153
    0.423800     729        2154
    0.423800     729        2155
   -0.847600     730        2156
    0.423800     730        2157
    0.423800     730        2158
   -0.847600     731        2159
    0.423800     731        2160
    0.423800     731        2161
   -0.847600     732        2162
    0.423800     732        2163
    0.423800     732        2164
   -0.847600     733        2165
    0.423800     733        2166
    0.423800     733        2167
   -0.847600     734        2168
    0.423800     734        2169
    0.423800     734        2170
   -0.847600     735        2171
    0.423800     735        2172
    0.423800     735        2173
   -0.847600     736        2174
    0.423800     736        2175
    0.423800     736        2176
   -0.847600     737        2177
    0.423800     737        2178
    0.423800     737        2179
   -0.847600     738        2180
    0.423800     738        2181
    0.423800     738        2182
   -0.847600     739        2183
    0.423800     739        2184
    0.423800     739        2185
   -0.847600     740        2186
    0.423800     740        2187
    0.423800     740        2188
   -0.847600     741        2189
    0.423800     741        2190
    0.423800     741        2191
   -0.847600     742        2192
    0.423800     742        2193
    0.423800     742        2194
   -0.847600     743        2195
    0.423800     743        2196
    0.423800     743        2197
   -0.847600     744        2198
    0.423800     744        2199
    0.423800     744        2200
   -0.847600     745        2201
    0.423800     745        2202
    0.423800     745        2203
   -0.847600     746        2204
    0.423800     746        2205
    0.423800     746        2206
   -0.847600     747        2207
    0.423800     747        2208
    0.423800     747        2209
   -0.847600     748        2210
    0.423800     748        2211
    0.423800     748        2212
   -0.847600     749        2213
    0.423800     749        2214
    0.423800     749        2215
   -0.847600     750        2216
    0.423800     750        2217
    0.423800     750        2218
   -0.847600     751        2219
    0.423800     751        2220
    0.423800     751        2221
   -0.847600     752        2222
    0.423800     752        2223
    0.423800     752        2224
   -0.847600     753        2225
    0.423800     753        2226
    0.423800     753        2227
   -0.847600     754        2228
    0.423800     754        2229
    0.423800     754        2230
   -0.847600     755        2231
    0.423800     755        2232
    0.423800     755        2233
   -0.847600     756        2234
    0.423800     756        2235
    0.423800     756        2236
   -0.847600     757        2237
    0.423800     757        2238
    0.423800     757        2239
   -0.847600     758        2240
    0.423800     758        2241
    0.423800     758        2242
   -0.847600     759        2243
    0.423800     759        2244
    0.423800     759        2245
   -0.847600     760        2246
    0.423800     760        2247
    0.423800     760        2248
   -0.847600     761        2249
    0.423800     761        2250
    0.423800     761        2251
   -0.847600     762        2252
    0.423800     762        2253
    0.423800     762        2254
   -0.847600     763        2255
    0.423800     763        2256
    0.423800     763        2257
   -0.847600     764        2258
    0.423800     764        2259
    0.423800     764        2260
   -0.847600     765        2261
    0.423800     765        2262
    0.423800     765        2263
   -0.847600     766        2264
    0.423800     766        2265
    0.423800     766        2266
   -0.847600     767        2267
    0.423800     767        2268
    0.423800     767        2269
   -0.847600     768        2270
    0.423800     768        2271
    0.423800     768        2272
   -0.847600     769        2273
    0.423800     769        2274
    0.423800     769        2275
   -0.847600     770        2276
    0.423800     770        2277
    0.423800     770        2278
   -0.847600     771        2279
    0.423800     771        2280
    0.423800     771        2281
   -0.847600     772        2282
    0.423800     772        2283
    0.423800     772        2284
   -0.847600     773        2285
    0.423800     773        2286
    0.423800     773        2287
   -0.847600     774        2288
    0.423800     774        2289
    0.423800     774        2290
   -0.847600     775        2291
    0.423800     775        2292
    0.423800     775        2293
   -0.847600     776        2294
    0.423800     776        2295
    0.423800     776        2296
   -0.847600     777        2297
    0.423800     777        2298
    0.423800     777        2299
   -0.847600     778        2300
    0.423800     778        2301
    0.423800     778        2302
   -0.847600     779        2303
    0.423800     779        2304
    0.423800     779        2305
   -0.847600     780        2306
    0.423800     780        2307
    0.423800     780        2308
   -0.847600     781        2309
    0.423800     781        2310
    0.423800     781        2311
   -0.847600     782        2312
    0.423800     782        2313
    0.423800     782        2314
   -0.847600     783        2315
    0.423800     783        2316
    0.423800     783        2317
   -0.847600     784        2318
    0.423800     784        2319
    0.423800     784        2320
   -0.847600     785        2321
    0.423800     785        2322
    0.423800     785        2323
   -0.847600     786        2324
    0.423800     786        2325
    0.423800     786        2326
   -0.847600     787        2327
    0.423800     787        2328
    0.423800     787        2329
   -0.847600     788        2330
    0.423800     788        2331
    0.423800     788        2332
   -0.847600     789        2333
    0.423800     789        2334
    0.423800     789        2335
   -0.847600     790        2336
    0.423800     790        2337
    0.423800     790        2338
   -0.847600     791        2339
    0.423800     791        2340
    0.423800     791        2341
   -0.847600     792        2342
    0.423800     792        2343
    0.423800     792        2344
   -0.847600     793        2345
    0.423800     793        2346
    0.423800     793        2347
   -0.847600     794        2348
    0.423800     794        2349
    0.423800     794        2350
   -0.847600     795        2351
    0.423800     795        2352
    0.423800     795        2353
   -0.847600     796        2354
    0.423800     796        2355
    0.423800     796        2356
   -0.847600     797        2357
    0.423800     797        2358
    0.423800     797        2359
   -0.847600     798        2360
    0.423800     798        2361
    0.423800     798        2362
   -0.847600     799        2363
    0.423800     799        2364
    0.423800     799        2365
   -0.847600     800        2366
    0.423800     800        2367
    0.423800     800        2368
   -0.847600     801        2369
    0.423800     801        2370
    0.423800     801        2371
   -0.847600     802        2372
    0.423800     802        2373
    0.423800     802        2374
   -0.847600     803        2375
    0.423800     803        2376
    0.423800     803        2377
   -0.847600     804        2378
    0.423800     804        2379
    0.423800     804        2380
   -0.847600     805        2381
    0.423800     805        2382
    0.423800     805        2383
   -0.847600     806        2384
    0.423800     806        2385
    0.423800     806        2386
   -0.847600     807        2387
    0.423800     807        2388
    0.423800     807        2389
   -0.847600     808        2390
    0.423800     808        2391
    0.423800     808        2392
   -0.847600     809        2393
    0.423800     809        2394
    0.423800     809        2395
   -0.847600     810        2396
    0.423800     810        2397
    0.423800     810        2398
   -0.847600     811        2399
    0.423800     811        2400
    0.423800     811        2401
   -0.847600     812        2402
    0.423800     812        2403
    0.423800     812        2404
   -0.847600     813        2405
    0.423800     813        2406
    0.423800     813        2407
   -0.847600     814        2408
    0.423800     814        2409
    0.423800     814        2410
   -0.847600     815        2411
    0.423800     815        2412
    0.423800     815        2413
   -0.847600     816        2414
    0.423800     816        2415
    0.423800     816        2416
   -0.847600     817        2417
    0.423800     817        2418
    0.423800     817        2419
   -0.847600     818        2420
    0.423800     818        2421
    0.423800     818        2422
   -0.847600     819        2423
    0.423800     819        2424
    0.423800     819        2425
   -0.847600     820        2426
    0.423800     820        2427
    0.423800     820        2428
   -0.847600     821        2429
    0.423800     821        2430
    0.423800     821        2431
   -0.847600     822        2432
    0.423800     822        2433
    0.423800     822        2434
   -0.847600     823        2435
    0.423800     823        2436
    0.423800     823        2437
   -0.847600     824        2438
    0.423800     824        2439
    0.423800     824        2440
   -0.847600     825        2441
    0.423800     825        2442
    0.423800     825        2443
   -0.847600     826        2444
    0.423800     826        2445
    0.423800     826        2446
   -0.847600     827        2447
    0.423800     827        2448
    0.423800     827        2449
   -0.847600     828        2450
    0.423800     828        2451
    0.423800     828        2452
   -0.847600     829        2453
    0.423800     829        2454
    0.423800     829        2455
   -0.847600     830        2456
    0.423800     830        2457
    0.423800     830        2458
   -0.847600     831        2459
    0.423800     831        2460
    0.423800     831        2461
   -0.847600     832        2462
    0.423800     832        2463
    0.423800     832        2464
   -0.847600     833        2465
    0.423800     833        2466
    0.423800     833        2467
   -0.847600     834        2468
    0.423800     834        2469
    0.423800     834        2470
   -0.847600     835        2471
    0.423800     835        2472
    0.423800     835        2473
   -0.847600     836        2474
    0.423800     836        2475
    0.423800     836        2476
   -0.847600     837        2477
    0.423800     837        2478
    0.423800     837        2479
   -0.847600     838        2480
    0.423800     838        2481
    0.423800     838        2482
   -0.847600     839        2483
    0.423800     839        2484
    0.423800     839        2485
   -0.847600     840        2486
    0.423800     840        2487
    0.423800     840        2488
   -0.847600     841        2489
    0.423800     841        2490
    0.423800     841        2491
   -0.847600     842        2492
    0.423800     842        2493
    0.423800     842        2494
   -0.847600     843        2495
    0.423800     843        2496
    0.423800     843        2497
   -0.847600     844        2498
    0.423800     844        2499
    0.423800     844        2500
   -0.847600     845        2501
    0.423800     845        2502
    0.423800     845        2503
   -0.847600     846        2504
    0.423800     846        2505
    0.423800     846        2506
   -0.847600     847        2507
    0.423800     847        2508
    0.423800     847        2509
   -0.847600     848        2510
    0.423800     848        2511
    0.423800     848        2512
   -0.847600     849        2513
    0.423800     849        2514
    0.423800     849        2515
   -0.847600     850        2516
    0.423800     850        2517
    0.423800     850        2518
   -0.847600     851        2519
    0.423800     851        2520
    0.423800     851        2521
   -0.847600     852        2522
    0.423800     852        2523
    0.423800     852        2524
   -0.847600     853        2525
    0.423800     853        2526
    0.423800     853        2527
   -0.847600     854        2528
    0.423800     854        2529
    0.423800     854        2530
   -0.847600     855        2531
    0.423800     855        2532
    0.423800     855        2533
   -0.847600     856        2534
    0.423800     856        2535
    0.423800     856        2536
   -0.847600     857        2537
    0.423800     857        2538
    0.423800     857        2539
   -0.847600     858        2540
    0.423800     858        2541
    0.423800     858        2542
   -0.847600     859        2543
    0.423800     859        2544
    0.423800     859        2545
   -0.847600     860        2546
    0.423800     860        2547
    0.423800     860        2548
   -0.847600     861        2549
    0.423800     861        2550
    0.423800     861        2551
   -0.847600     862        2552
    0.423800     862        2553
    0.423800     862        2554
   -0.847600     863        2555
    0.423800     863        2556
    0.423800     863        2557
   -0.847600     864        2558
    0.423800     864        2559
    0.423800     864        2560
   -0.847600     865        2561
    0.423800     865        2562
    0.423800     865        2563
   -0.847600     866        2564
    0.423800     866        2565
    0.423800     866        2566
   -0.847600     867        2567
    0.423800     867        2568
    0.423800     867        2569
   -0.847600     868        2570
    0.423800     868        2571
    0.423800     868        2572
   -0.847600     869        2573
    0.423800     869        2574
    0.423800     869        2575
   -0.847600     870        2576
    0.423800     870        2577
    0.423800     870        2578
   -0.847600     871        2579
    0.423800     871        2580
    0.423800     871        2581
   -0.847600     872        2582
    0.423800     872        2583
    0.423800     872        2584
   -0.847600     873        2585
    0.423800     873        2586
    0.423800     873        2587
   -0.847600     874        2588
    0.423800     874        2589
    0.423800     874        2590
   -0.847600     875        2591
    0.423800     875        2592
    0.423800     875        2593
   -0.847600     876        2594
    0.423800     876        2595
    0.423800     876        2596
   -0.847600     877        2597
    0.423800     877        2598
    0.423800     877        2599
   -0.847600     878        2600
    0.423800     878        2601
    0.423800     878        2602
   -0.847600     879        2603
    0.423800     879        2604
    0.423800     879        2605
   -0.847600     880        2606
    0.423800     880        2607
    0.423800     880        2608
